1	0.5	0
1.01	0.495	0.0001
1.02	0.490099	0.00019802
1.03	0.485294	0.000294118
1.04	0.480583	0.00038835
1.05	0.475962	0.000480769
1.06	0.471429	0.000571429
1.07	0.466981	0.000660377
1.08	0.462617	0.000747664
1.09	0.458333	0.000833333
1.1	0.454128	0.000917431
1.11	0.45	0.001
1.12	0.445946	0.00108108
1.13	0.441964	0.00116071
1.14	0.438053	0.00123894
1.15	0.434211	0.00131579
1.16	0.430435	0.0013913
1.17	0.426724	0.00146552
1.18	0.423077	0.00153846
1.19	0.419492	0.00161017
1.2	0.415966	0.00168067
1.21	0.4125	0.00175
1.22	0.409091	0.00181818
1.23	0.405738	0.00188525
1.24	0.402439	0.00195122
1.25	0.399194	0.00201613
1.26	0.396	0.00208
1.27	0.392857	0.00214286
1.28	0.389764	0.00220472
1.29	0.386719	0.00226562
1.3	0.383721	0.00232558
1.31	0.380769	0.00238462
1.32	0.377863	0.00244275
1.33	0.375	0.0025
1.34	0.37218	0.00255639
1.35	0.369403	0.00261194
1.36	0.366667	0.00266667
1.37	0.363971	0.00272059
1.38	0.361314	0.00277372
1.39	0.358696	0.00282609
1.4	0.356115	0.0028777
1.41	0.353571	0.00292857
1.42	0.351064	0.00297872
1.43	0.348592	0.00302817
1.44	0.346154	0.00307692
1.45	0.34375	0.003125
1.46	0.341379	0.00317241
1.47	0.339041	0.00321918
1.48	0.336735	0.00326531
1.49	0.334459	0.00331081
1.5	0.332215	0.0033557
1.51	0.33	0.0034
1.52	0.327815	0.00344371
1.53	0.325658	0.00348684
1.54	0.323529	0.00352941
1.55	0.321429	0.00357143
1.56	0.319355	0.0036129
1.57	0.317308	0.00365385
1.58	0.315287	0.00369427
1.59	0.313291	0.00373418
1.6	0.311321	0.00377358
1.61	0.309375	0.0038125
1.62	0.307453	0.00385093
1.63	0.305556	0.00388889
1.64	0.303681	0.00392638
1.65	0.301829	0.00396341
1.66	0.3	0.004
1.67	0.298193	0.00403614
1.68	0.296407	0.00407186
1.69	0.294643	0.00410714
1.7	0.292899	0.00414201
1.71	0.291176	0.00417647
1.72	0.289474	0.00421053
1.73	0.287791	0.00424419
1.74	0.286127	0.00427746
1.75	0.284483	0.00431034
1.76	0.282857	0.00434286
1.77	0.28125	0.004375
1.78	0.279661	0.00440678
1.79	0.27809	0.0044382
1.8	0.276536	0.00446927
1.81	0.275	0.0045
1.82	0.273481	0.00453039
1.83	0.271978	0.00456044
1.84	0.270492	0.00459016
1.85	0.269022	0.00461957
1.86	0.267568	0.00464865
1.87	0.266129	0.00467742
1.88	0.264706	0.00470588
1.89	0.263298	0.00473404
1.9	0.261905	0.0047619
1.91	0.260526	0.00478947
1.92	0.259162	0.00481675
1.93	0.257813	0.00484375
1.94	0.256477	0.00487047
1.95	0.255155	0.00489691
1.96	0.253846	0.00492308
1.97	0.252551	0.00494898
1.98	0.251269	0.00497462
1.99	0.25	0.005
2	0.248744	0.00502513
2.01	0.2475	0.00505
2.02	0.246269	0.00507463
2.03	0.24505	0.00509901
2.04	0.243842	0.00512315
2.05	0.242647	0.00514706
2.06	0.241463	0.00517073
2.07	0.240291	0.00519417
2.08	0.23913	0.00521739
2.09	0.237981	0.00524038
2.1	0.236842	0.00526316
2.11	0.235714	0.00528571
2.12	0.234597	0.00530806
2.13	0.233491	0.00533019
2.14	0.232394	0.00535211
2.15	0.231308	0.00537383
2.16	0.230233	0.00539535
2.17	0.229167	0.00541667
2.18	0.228111	0.00543779
2.19	0.227064	0.00545872
2.2	0.226027	0.00547945
2.21	0.225	0.0055
2.22	0.223982	0.00552036
2.23	0.222973	0.00554054
2.24	0.221973	0.00556054
2.25	0.220982	0.00558036
2.26	0.22	0.0056
2.27	0.219027	0.00561947
2.28	0.218062	0.00563877
2.29	0.217105	0.00565789
2.3	0.216157	0.00567686
2.31	0.215217	0.00569565
2.32	0.214286	0.00571429
2.33	0.213362	0.00573276
2.34	0.212446	0.00575107
2.35	0.211538	0.00576923
2.36	0.210638	0.00578723
2.37	0.209746	0.00580508
2.38	0.208861	0.00582278
2.39	0.207983	0.00584034
2.4	0.207113	0.00585774
2.41	0.20625	0.005875
2.42	0.205394	0.00589212
2.43	0.204545	0.00590909
2.44	0.203704	0.00592593
2.45	0.202869	0.00594262
2.46	0.202041	0.00595918
2.47	0.20122	0.00597561
2.48	0.200405	0.0059919
2.49	0.199597	0.00600806
2.5	0.198795	0.0060241
2.51	0.198	0.00604
2.52	0.197211	0.00605578
2.53	0.196429	0.00607143
2.54	0.195652	0.00608696
2.55	0.194882	0.00610236
2.56	0.194118	0.00611765
2.57	0.193359	0.00613281
2.58	0.192607	0.00614786
2.59	0.19186	0.00616279
2.6	0.19112	0.00617761
2.61	0.190385	0.00619231
2.62	0.189655	0.0062069
2.63	0.188931	0.00622137
2.64	0.188213	0.00623574
2.65	0.1875	0.00625
2.66	0.186792	0.00626415
2.67	0.18609	0.0062782
2.68	0.185393	0.00629213
2.69	0.184701	0.00630597
2.7	0.184015	0.0063197
2.71	0.183333	0.00633333
2.72	0.182657	0.00634686
2.73	0.181985	0.00636029
2.74	0.181319	0.00637363
2.75	0.180657	0.00638686
2.76	0.18	0.0064
2.77	0.179348	0.00641304
2.78	0.1787	0.00642599
2.79	0.178058	0.00643885
2.8	0.177419	0.00645161
2.81	0.176786	0.00646429
2.82	0.176157	0.00647687
2.83	0.175532	0.00648936
2.84	0.174912	0.00650177
2.85	0.174296	0.00651408
2.86	0.173684	0.00652632
2.87	0.173077	0.00653846
2.88	0.172474	0.00655052
2.89	0.171875	0.0065625
2.9	0.17128	0.00657439
2.91	0.17069	0.00658621
2.92	0.170103	0.00659794
2.93	0.169521	0.00660959
2.94	0.168942	0.00662116
2.95	0.168367	0.00663265
2.96	0.167797	0.00664407
2.97	0.16723	0.00665541
2.98	0.166667	0.00666667
2.99	0.166107	0.00667785
3	0.165552	0.00668896
3.01	0.165	0.0067
3.02	0.164452	0.00671096
3.03	0.163907	0.00672185
3.04	0.163366	0.00673267
3.05	0.162829	0.00674342
3.06	0.162295	0.0067541
3.07	0.161765	0.00676471
3.08	0.161238	0.00677524
3.09	0.160714	0.00678571
3.1	0.160194	0.00679612
3.11	0.159677	0.00680645
3.12	0.159164	0.00681672
3.13	0.158654	0.00682692
3.14	0.158147	0.00683706
3.15	0.157643	0.00684713
3.16	0.157143	0.00685714
3.17	0.156646	0.00686709
3.18	0.156151	0.00687697
3.19	0.15566	0.00688679
3.2	0.155172	0.00689655
3.21	0.154687	0.00690625
3.22	0.154206	0.00691589
3.23	0.153727	0.00692547
3.24	0.153251	0.00693498
3.25	0.152778	0.00694444
3.26	0.152308	0.00695385
3.27	0.15184	0.00696319
3.28	0.151376	0.00697248
3.29	0.150915	0.00698171
3.3	0.150456	0.00699088
3.31	0.15	0.007
3.32	0.149547	0.00700906
3.33	0.149096	0.00701807
3.34	0.148649	0.00702703
3.35	0.148204	0.00703593
3.36	0.147761	0.00704478
3.37	0.147321	0.00705357
3.38	0.146884	0.00706231
3.39	0.14645	0.00707101
3.4	0.146018	0.00707965
3.41	0.145588	0.00708824
3.42	0.145161	0.00709677
3.43	0.144737	0.00710526
3.44	0.144315	0.0071137
3.45	0.143895	0.00712209
3.46	0.143478	0.00713043
3.47	0.143064	0.00713873
3.48	0.142651	0.00714697
3.49	0.142241	0.00715517
3.5	0.141834	0.00716332
3.51	0.141429	0.00717143
3.52	0.141026	0.00717949
3.53	0.140625	0.0071875
3.54	0.140227	0.00719547
3.55	0.139831	0.00720339
3.56	0.139437	0.00721127
3.57	0.139045	0.0072191
3.58	0.138655	0.00722689
3.59	0.138268	0.00723464
3.6	0.137883	0.00724234
3.61	0.1375	0.00725
3.62	0.137119	0.00725762
3.63	0.13674	0.00726519
3.64	0.136364	0.00727273
3.65	0.135989	0.00728022
3.66	0.135616	0.00728767
3.67	0.135246	0.00729508
3.68	0.134877	0.00730245
3.69	0.134511	0.00730978
3.7	0.134146	0.00731707
3.71	0.133784	0.00732432
3.72	0.133423	0.00733154
3.73	0.133065	0.00733871
3.74	0.132708	0.00734584
3.75	0.132353	0.00735294
3.76	0.132	0.00736
3.77	0.131649	0.00736702
3.78	0.1313	0.00737401
3.79	0.130952	0.00738095
3.8	0.130607	0.00738786
3.81	0.130263	0.00739474
3.82	0.129921	0.00740157
3.83	0.129581	0.00740838
3.84	0.129243	0.00741514
3.85	0.128906	0.00742188
3.86	0.128571	0.00742857
3.87	0.128238	0.00743523
3.88	0.127907	0.00744186
3.89	0.127577	0.00744845
3.9	0.127249	0.00745501
3.91	0.126923	0.00746154
3.92	0.126598	0.00746803
3.93	0.126276	0.00747449
3.94	0.125954	0.00748092
3.95	0.125635	0.00748731
3.96	0.125316	0.00749367
3.97	0.125	0.0075
3.98	0.124685	0.0075063
3.99	0.124372	0.00751256
4	0.12406	0.0075188
4.01	0.12375	0.007525
4.02	0.123441	0.00753117
4.03	0.123134	0.00753731
4.04	0.122829	0.00754342
4.05	0.122525	0.0075495
4.06	0.122222	0.00755556
4.07	0.121921	0.00756158
4.08	0.121622	0.00756757
4.09	0.121324	0.00757353
4.1	0.121027	0.00757946
4.11	0.120732	0.00758537
4.12	0.120438	0.00759124
4.13	0.120146	0.00759709
4.14	0.119855	0.00760291
4.15	0.119565	0.0076087
4.16	0.119277	0.00761446
4.17	0.11899	0.00762019
4.18	0.118705	0.0076259
4.19	0.118421	0.00763158
4.2	0.118138	0.00763723
4.21	0.117857	0.00764286
4.22	0.117577	0.00764846
4.23	0.117299	0.00765403
4.24	0.117021	0.00765957
4.25	0.116745	0.00766509
4.26	0.116471	0.00767059
4.27	0.116197	0.00767606
4.28	0.115925	0.0076815
4.29	0.115654	0.00768692
4.3	0.115385	0.00769231
4.31	0.115116	0.00769767
4.32	0.114849	0.00770302
4.33	0.114583	0.00770833
4.34	0.114319	0.00771363
4.35	0.114055	0.00771889
4.36	0.113793	0.00772414
4.37	0.113532	0.00772936
4.38	0.113272	0.00773455
4.39	0.113014	0.00773973
4.4	0.112756	0.00774487
4.41	0.1125	0.00775
4.42	0.112245	0.0077551
4.43	0.111991	0.00776018
4.44	0.111738	0.00776524
4.45	0.111486	0.00777027
4.46	0.111236	0.00777528
4.47	0.110987	0.00778027
4.48	0.110738	0.00778523
4.49	0.110491	0.00779018
4.5	0.110245	0.0077951
4.51	0.11	0.0078
4.52	0.109756	0.00780488
4.53	0.109513	0.00780973
4.54	0.109272	0.00781457
4.55	0.109031	0.00781938
4.56	0.108791	0.00782418
4.57	0.108553	0.00782895
4.58	0.108315	0.0078337
4.59	0.108079	0.00783843
4.6	0.107843	0.00784314
4.61	0.107609	0.00784783
4.62	0.107375	0.00785249
4.63	0.107143	0.00785714
4.64	0.106911	0.00786177
4.65	0.106681	0.00786638
4.66	0.106452	0.00787097
4.67	0.106223	0.00787554
4.68	0.105996	0.00788009
4.69	0.105769	0.00788462
4.7	0.105544	0.00788913
4.71	0.105319	0.00789362
4.72	0.105096	0.00789809
4.73	0.104873	0.00790254
4.74	0.104651	0.00790698
4.75	0.10443	0.00791139
4.76	0.104211	0.00791579
4.77	0.103992	0.00792017
4.78	0.103774	0.00792453
4.79	0.103556	0.00792887
4.8	0.10334	0.00793319
4.81	0.103125	0.0079375
4.82	0.102911	0.00794179
4.83	0.102697	0.00794606
4.84	0.102484	0.00795031
4.85	0.102273	0.00795455
4.86	0.102062	0.00795876
4.87	0.101852	0.00796296
4.88	0.101643	0.00796715
4.89	0.101434	0.00797131
4.9	0.101227	0.00797546
4.91	0.10102	0.00797959
4.92	0.100815	0.00798371
4.93	0.10061	0.0079878
4.94	0.100406	0.00799189
4.95	0.100202	0.00799595
4.96	0.1	0.008
4.97	0.0997984	0.00800403
4.98	0.0995976	0.00800805
4.99	0.0993976	0.00801205
5	0.0991984	0.00801603
