t	 T_num	 T_exato	 erro_relativo
0	100	100	0
0.1	99.25	99.2537	3.76563e-005
0.2	98.5075	98.5149	7.51206e-005
0.3	97.7724	97.7834	0.000112391
0.4	97.0447	97.0592	0.000149467
0.5	96.3243	96.3422	0.000186347
0.6	95.611	95.6323	0.000223029
0.7	94.9049	94.9295	0.000259512
0.8	94.2059	94.2337	0.000295795
0.9	93.5138	93.5448	0.000331877
1	92.8287	92.8628	0.000367755
1.1	92.1504	92.1876	0.000403428
1.2	91.4789	91.519	0.000438896
1.3	90.8141	90.8572	0.000474157
1.4	90.1559	90.2019	0.00050921
1.5	89.5044	89.5531	0.000544053
1.6	88.8593	88.9108	0.000578685
1.7	88.2207	88.2749	0.000613105
1.8	87.5885	87.6453	0.000647311
1.9	86.9626	87.0219	0.000681302
2	86.343	86.4048	0.000715078
2.1	85.7296	85.7938	0.000748636
2.2	85.1223	85.1889	0.000781975
2.3	84.5211	84.59	0.000815095
2.4	83.9259	83.9971	0.000847994
2.5	83.3366	83.4101	0.00088067
2.6	82.7532	82.8289	0.000913124
2.7	82.1757	82.2535	0.000945352
2.8	81.6039	81.6838	0.000977355
2.9	81.0379	81.1198	0.00100913
3	80.4775	80.5614	0.00104068
3.1	79.9228	80.0085	0.001072
3.2	79.3735	79.4612	0.00110309
3.3	78.8298	78.9193	0.00113394
3.4	78.2915	78.3828	0.00116457
3.5	77.7586	77.8516	0.00119496
3.6	77.231	77.3257	0.00122512
3.7	76.7087	76.8051	0.00125504
3.8	76.1916	76.2896	0.00128472
3.9	75.6797	75.7793	0.00131417
4	75.1729	75.274	0.00134338
4.1	74.6712	74.7738	0.00137235
4.2	74.1744	74.2785	0.00140108
4.3	73.6827	73.7882	0.00142956
4.4	73.1959	73.3027	0.00145781
4.5	72.7139	72.8221	0.00148581
4.6	72.2368	72.3463	0.00151357
4.7	71.7644	71.8752	0.00154108
4.8	71.2968	71.4088	0.00156835
4.9	70.8338	70.947	0.00159537
5	70.3755	70.4898	0.00162214
5.1	69.9217	70.0372	0.00164867
5.2	69.4725	69.589	0.00167494
5.3	69.0278	69.1454	0.00170097
5.4	68.5875	68.7061	0.00172674
5.5	68.1516	68.2712	0.00175227
5.6	67.7201	67.8407	0.00177754
5.7	67.2929	67.4144	0.00180256
5.8	66.87	66.9924	0.00182733
5.9	66.4513	66.5745	0.00185184
6	66.0367	66.1609	0.0018761
6.1	65.6264	65.7513	0.00190011
6.2	65.2201	65.3458	0.00192386
6.3	64.8179	64.9444	0.00194735
6.4	64.4197	64.5469	0.00197059
6.5	64.0255	64.1534	0.00199357
6.6	63.6353	63.7639	0.00201629
6.7	63.2489	63.3781	0.00203875
6.8	62.8664	62.9963	0.00206096
6.9	62.4878	62.6182	0.00208291
7	62.1129	62.2439	0.0021046
7.1	61.7418	61.8733	0.00212603
7.2	61.3744	61.5064	0.0021472
7.3	61.0106	61.1432	0.00216811
7.4	60.6505	60.7835	0.00218876
7.5	60.294	60.4275	0.00220915
7.6	59.9411	60.075	0.00222928
7.7	59.5916	59.726	0.00224915
7.8	59.2457	59.3805	0.00226876
7.9	58.9033	59.0384	0.0022881
8	58.5642	58.6997	0.00230719
8.1	58.2286	58.3644	0.00232601
8.2	57.8963	58.0324	0.00234458
8.3	57.5673	57.7037	0.00236288
8.4	57.2417	57.3783	0.00238092
8.5	56.9193	57.0561	0.0023987
8.6	56.6001	56.7372	0.00241622
8.7	56.2841	56.4214	0.00243348
8.8	55.9712	56.1087	0.00245048
8.9	55.6615	55.7992	0.00246721
9	55.3549	55.4927	0.00248369
9.1	55.0513	55.1893	0.0024999
9.2	54.7508	54.8889	0.00251586
9.3	54.4533	54.5915	0.00253155
9.4	54.1588	54.2971	0.00254698
9.5	53.8672	54.0056	0.00256216
9.6	53.5785	53.717	0.00257707
9.7	53.2927	53.4312	0.00259173
9.8	53.0098	53.1483	0.00260613
9.9	52.7297	52.8683	0.00262027
10	52.4524	52.591	0.00263415
10.1	52.1779	52.3164	0.00264778
10.2	51.9061	52.0446	0.00266114
10.3	51.6371	51.7755	0.00267425
10.4	51.3707	51.5091	0.00268711
10.5	51.107	51.2453	0.00269971
10.6	50.8459	50.9842	0.00271206
10.7	50.5875	50.7256	0.00272415
10.8	50.3316	50.4697	0.00273599
10.9	50.0783	50.2162	0.00274757
11	49.8275	49.9653	0.00275891
11.1	49.5792	49.7169	0.00276999
11.2	49.3334	49.471	0.00278082
11.3	49.0901	49.2275	0.0027914
11.4	48.8492	48.9864	0.00280173
11.5	48.6107	48.7478	0.00281182
11.6	48.3746	48.5115	0.00282165
11.7	48.1408	48.2775	0.00283124
11.8	47.9094	48.0459	0.00284058
11.9	47.6803	47.8166	0.00284968
12	47.4535	47.5896	0.00285854
12.1	47.229	47.3648	0.00286715
12.2	47.0067	47.1423	0.00287552
12.3	46.7866	46.9219	0.00288365
12.4	46.5688	46.7038	0.00289153
12.5	46.3531	46.4879	0.00289918
12.6	46.1396	46.2741	0.00290659
12.7	45.9282	46.0624	0.00291377
12.8	45.7189	45.8528	0.0029207
12.9	45.5117	45.6453	0.00292741
13	45.3066	45.4399	0.00293388
13.1	45.1035	45.2365	0.00294011
13.2	44.9025	45.0351	0.00294612
13.3	44.7034	44.8358	0.00295189
13.4	44.5064	44.6384	0.00295744
13.5	44.3113	44.443	0.00296276
13.6	44.1182	44.2496	0.00296785
13.7	43.927	44.058	0.00297272
13.8	43.7378	43.8684	0.00297737
13.9	43.5504	43.6806	0.00298179
14	43.3649	43.4948	0.00298599
14.1	43.1812	43.3107	0.00298997
14.2	42.9994	43.1286	0.00299373
14.3	42.8194	42.9482	0.00299728
14.4	42.6412	42.7696	0.00300061
14.5	42.4648	42.5928	0.00300372
14.6	42.2902	42.4177	0.00300663
14.7	42.1173	42.2444	0.00300932
14.8	41.9461	42.0728	0.0030118
14.9	41.7767	41.9029	0.00301407
15	41.6089	41.7348	0.00301614
15.1	41.4428	41.5682	0.003018
15.2	41.2784	41.4034	0.00301966
15.3	41.1156	41.2402	0.00302112
15.4	40.9544	41.0786	0.00302237
15.5	40.7949	40.9186	0.00302343
15.6	40.6369	40.7602	0.00302429
15.7	40.4806	40.6034	0.00302495
15.8	40.3258	40.4481	0.00302542
15.9	40.1725	40.2944	0.0030257
16	40.0208	40.1422	0.00302579
16.1	39.8706	39.9916	0.00302568
16.2	39.7219	39.8424	0.00302539
16.3	39.5746	39.6947	0.00302491
16.4	39.4289	39.5485	0.00302425
16.5	39.2846	39.4037	0.00302341
16.6	39.1418	39.2604	0.00302239
16.7	39.0003	39.1185	0.00302118
16.8	38.8603	38.978	0.0030198
16.9	38.7217	38.839	0.00301824
17	38.5845	38.7013	0.00301651
17.1	38.4487	38.5649	0.00301461
17.2	38.3142	38.43	0.00301253
17.3	38.181	38.2963	0.00301029
17.4	38.0492	38.164	0.00300788
17.5	37.9187	38.033	0.00300531
17.6	37.7896	37.9034	0.00300257
17.7	37.6617	37.775	0.00299967
17.8	37.535	37.6479	0.00299661
17.9	37.4097	37.522	0.00299339
18	37.2856	37.3974	0.00299002
18.1	37.1627	37.2741	0.00298649
18.2	37.0411	37.1519	0.00298281
18.3	36.9207	37.031	0.00297897
18.4	36.8015	36.9113	0.00297499
18.5	36.6835	36.7928	0.00297086
18.6	36.5666	36.6754	0.00296659
18.7	36.451	36.5593	0.00296217
18.8	36.3365	36.4443	0.00295761
18.9	36.2231	36.3304	0.00295291
19	36.1109	36.2176	0.00294807
19.1	35.9998	36.106	0.00294309
19.2	35.8898	35.9955	0.00293798
19.3	35.7809	35.8861	0.00293274
19.4	35.6731	35.7778	0.00292736
19.5	35.5663	35.6706	0.00292186
19.6	35.4607	35.5644	0.00291623
19.7	35.3561	35.4593	0.00291047
19.8	35.2525	35.3552	0.00290459
19.9	35.15	35.2522	0.00289859
20	35.0485	35.1501	0.00289247
20.1	34.948	35.0492	0.00288623
20.2	34.8485	34.9492	0.00287987
20.3	34.75	34.8502	0.00287339
20.4	34.6525	34.7522	0.00286681
20.5	34.556	34.6551	0.00286011
20.6	34.4604	34.559	0.0028533
20.7	34.3658	34.4639	0.00284639
20.8	34.2722	34.3698	0.00283937
20.9	34.1795	34.2765	0.00283224
21	34.0877	34.1842	0.00282501
21.1	33.9968	34.0928	0.00281768
21.2	33.9068	34.0024	0.00281026
21.3	33.8177	33.9128	0.00280273
21.4	33.7296	33.8241	0.00279511
21.5	33.6423	33.7363	0.0027874
21.6	33.5559	33.6494	0.00277959
21.7	33.4703	33.5633	0.00277169
21.8	33.3856	33.4781	0.0027637
21.9	33.3017	33.3938	0.00275563
22	33.2187	33.3102	0.00274747
22.1	33.1365	33.2275	0.00273923
22.2	33.0552	33.1457	0.00273091
22.3	32.9746	33.0646	0.0027225
22.4	32.8949	32.9844	0.00271402
22.5	32.8159	32.9049	0.00270546
22.6	32.7378	32.8263	0.00269682
22.7	32.6604	32.7484	0.00268811
22.8	32.5838	32.6713	0.00267933
22.9	32.5079	32.595	0.00267047
23	32.4329	32.5194	0.00266155
23.1	32.3585	32.4446	0.00265256
23.2	32.2849	32.3705	0.00264351
23.3	32.2121	32.2972	0.00263439
23.4	32.14	32.2246	0.0026252
23.5	32.0686	32.1527	0.00261596
23.6	31.9979	32.0815	0.00260666
23.7	31.9279	32.0111	0.00259729
23.8	31.8586	31.9413	0.00258788
23.9	31.79	31.8722	0.0025784
24	31.7221	31.8038	0.00256887
24.1	31.6549	31.7361	0.00255929
24.2	31.5884	31.6691	0.00254966
24.3	31.5225	31.6028	0.00253998
24.4	31.4573	31.5371	0.00253026
24.5	31.3927	31.472	0.00252048
24.6	31.3288	31.4076	0.00251066
24.7	31.2655	31.3439	0.0025008
24.8	31.2028	31.2807	0.00249089
24.9	31.1408	31.2182	0.00248095
25	31.0794	31.1564	0.00247096
25.1	31.0186	31.0951	0.00246094
25.2	30.9584	31.0345	0.00245088
25.3	30.8988	30.9744	0.00244078
25.4	30.8398	30.915	0.00243065
25.5	30.7814	30.8561	0.00242048
25.6	30.7236	30.7979	0.00241029
25.7	30.6664	30.7402	0.00240006
25.8	30.6097	30.6831	0.00238981
25.9	30.5536	30.6265	0.00237953
26	30.4981	30.5705	0.00236922
26.1	30.4431	30.5151	0.00235888
26.2	30.3887	30.4602	0.00234852
26.3	30.3348	30.4059	0.00233814
26.4	30.2814	30.3521	0.00232774
26.5	30.2286	30.2988	0.00231731
26.6	30.1763	30.2461	0.00230687
26.7	30.1246	30.1939	0.00229641
26.8	30.0733	30.1422	0.00228593
26.9	30.0226	30.0911	0.00227543
27	29.9724	30.0404	0.00226492
27.1	29.9227	29.9903	0.0022544
27.2	29.8734	29.9406	0.00224386
27.3	29.8247	29.8914	0.00223331
27.4	29.7764	29.8428	0.00222276
27.5	29.7287	29.7946	0.00221219
27.6	29.6814	29.7469	0.00220161
27.7	29.6346	29.6997	0.00219102
27.8	29.5882	29.6529	0.00218043
27.9	29.5423	29.6066	0.00216984
28	29.4969	29.5608	0.00215923
28.1	29.452	29.5154	0.00214863
28.2	29.4074	29.4704	0.00213802
28.3	29.3634	29.426	0.00212741
28.4	29.3197	29.3819	0.0021168
28.5	29.2765	29.3383	0.00210619
28.6	29.2338	29.2952	0.00209558
28.7	29.1914	29.2524	0.00208497
28.8	29.1495	29.2101	0.00207437
28.9	29.108	29.1682	0.00206377
29	29.0669	29.1267	0.00205317
29.1	29.0263	29.0857	0.00204258
29.2	28.986	29.045	0.00203199
29.3	28.9461	29.0048	0.00202141
29.4	28.9067	28.9649	0.00201084
29.5	28.8676	28.9255	0.00200028
29.6	28.8289	28.8864	0.00198973
29.7	28.7907	28.8477	0.00197918
29.8	28.7527	28.8095	0.00196865
29.9	28.7152	28.7716	0.00195813
30	28.6781	28.734	0.00194762
30.1	28.6413	28.6969	0.00193713
30.2	28.6049	28.6601	0.00192665
30.3	28.5688	28.6237	0.00191618
30.4	28.5331	28.5876	0.00190573
30.5	28.4978	28.5519	0.00189529
30.6	28.4628	28.5166	0.00188487
30.7	28.4282	28.4816	0.00187447
30.8	28.3939	28.4469	0.00186408
30.9	28.36	28.4126	0.00185371
31	28.3264	28.3787	0.00184336
31.1	28.2931	28.3451	0.00183304
31.2	28.2602	28.3118	0.00182273
31.3	28.2276	28.2788	0.00181244
31.4	28.1953	28.2462	0.00180217
31.5	28.1634	28.2139	0.00179193
31.6	28.1317	28.1819	0.0017817
31.7	28.1004	28.1503	0.0017715
31.8	28.0694	28.1189	0.00176132
31.9	28.0387	28.0879	0.00175117
32	28.0083	28.0572	0.00174104
32.1	27.9782	28.0267	0.00173094
32.2	27.9485	27.9966	0.00172086
32.3	27.919	27.9668	0.00171081
32.4	27.8898	27.9373	0.00170078
32.5	27.8609	27.9081	0.00169078
32.6	27.8323	27.8791	0.00168081
32.7	27.8039	27.8505	0.00167087
32.8	27.7759	27.8221	0.00166095
32.9	27.7481	27.794	0.00165106
33	27.7207	27.7662	0.0016412
33.1	27.6935	27.7387	0.00163137
33.2	27.6665	27.7115	0.00162157
33.3	27.6399	27.6845	0.0016118
33.4	27.6135	27.6578	0.00160206
33.5	27.5873	27.6313	0.00159235
33.6	27.5615	27.6051	0.00158267
33.7	27.5358	27.5792	0.00157303
33.8	27.5105	27.5536	0.00156341
33.9	27.4854	27.5282	0.00155383
34	27.4605	27.503	0.00154428
34.1	27.4359	27.4781	0.00153476
34.2	27.4116	27.4534	0.00152528
34.3	27.3874	27.429	0.00151582
34.4	27.3636	27.4049	0.00150641
34.5	27.3399	27.3809	0.00149702
34.6	27.3165	27.3572	0.00148767
34.7	27.2934	27.3338	0.00147836
34.8	27.2704	27.3106	0.00146908
34.9	27.2477	27.2876	0.00145983
35	27.2253	27.2648	0.00145062
35.1	27.203	27.2423	0.00144144
35.2	27.181	27.22	0.00143231
35.3	27.1592	27.1979	0.0014232
35.4	27.1376	27.176	0.00141413
35.5	27.1162	27.1543	0.0014051
35.6	27.095	27.1329	0.00139611
35.7	27.0741	27.1117	0.00138715
35.8	27.0533	27.0907	0.00137823
35.9	27.0328	27.0699	0.00136934
36	27.0125	27.0493	0.00136049
36.1	26.9924	27.0289	0.00135168
36.2	26.9724	27.0087	0.00134291
36.3	26.9527	26.9887	0.00133417
36.4	26.9332	26.9689	0.00132548
36.5	26.9138	26.9493	0.00131682
36.6	26.8947	26.9299	0.00130819
36.7	26.8758	26.9107	0.00129961
36.8	26.857	26.8917	0.00129106
36.9	26.8384	26.8729	0.00128256
37	26.82	26.8543	0.00127409
37.1	26.8018	26.8358	0.00126566
37.2	26.7838	26.8175	0.00125727
37.3	26.766	26.7995	0.00124891
37.4	26.7483	26.7816	0.0012406
37.5	26.7308	26.7638	0.00123232
37.6	26.7135	26.7463	0.00122409
37.7	26.6964	26.7289	0.00121589
37.8	26.6794	26.7117	0.00120773
37.9	26.6626	26.6947	0.00119961
38	26.646	26.6778	0.00119153
38.1	26.6296	26.6611	0.00118349
38.2	26.6133	26.6446	0.00117549
38.3	26.5971	26.6282	0.00116753
38.4	26.5812	26.612	0.00115961
38.5	26.5653	26.596	0.00115172
38.6	26.5497	26.5801	0.00114388
38.7	26.5342	26.5644	0.00113608
38.8	26.5189	26.5488	0.00112831
38.9	26.5037	26.5334	0.00112059
39	26.4886	26.5181	0.0011129
39.1	26.4737	26.503	0.00110525
39.2	26.459	26.4881	0.00109765
39.3	26.4444	26.4733	0.00109008
39.4	26.43	26.4586	0.00108255
39.5	26.4157	26.4441	0.00107506
39.6	26.4015	26.4297	0.00106761
39.7	26.3875	26.4155	0.0010602
39.8	26.3736	26.4014	0.00105283
39.9	26.3599	26.3875	0.0010455
40	26.3463	26.3737	0.00103821
40.1	26.3328	26.36	0.00103096
40.2	26.3195	26.3465	0.00102375
40.3	26.3063	26.3331	0.00101657
40.4	26.2932	26.3198	0.00100944
40.5	26.2803	26.3067	0.00100234
40.6	26.2675	26.2937	0.000995286
40.7	26.2548	26.2808	0.000988268
40.8	26.2423	26.2681	0.00098129
40.9	26.2299	26.2554	0.000974351
41	26.2176	26.243	0.000967451
41.1	26.2054	26.2306	0.000960589
41.2	26.1933	26.2183	0.000953766
41.3	26.1814	26.2062	0.000946982
41.4	26.1696	26.1942	0.000940237
41.5	26.1579	26.1823	0.00093353
41.6	26.1463	26.1706	0.000926861
41.7	26.1348	26.1589	0.000920231
41.8	26.1235	26.1474	0.00091364
41.9	26.1123	26.136	0.000907086
42	26.1011	26.1247	0.000900571
42.1	26.0901	26.1135	0.000894093
42.2	26.0792	26.1024	0.000887654
42.3	26.0684	26.0914	0.000881252
42.4	26.0578	26.0806	0.000874888
42.5	26.0472	26.0698	0.000868562
42.6	26.0367	26.0592	0.000862274
42.7	26.0263	26.0486	0.000856023
42.8	26.0161	26.0382	0.000849809
42.9	26.0059	26.0279	0.000843633
43	25.9959	26.0176	0.000837493
43.1	25.9859	26.0075	0.000831391
43.2	25.976	25.9975	0.000825326
43.3	25.9663	25.9876	0.000819298
43.4	25.9566	25.9777	0.000813306
43.5	25.947	25.968	0.000807351
43.6	25.9376	25.9584	0.000801432
43.7	25.9282	25.9488	0.00079555
43.8	25.9189	25.9394	0.000789704
43.9	25.9097	25.9301	0.000783894
44	25.9006	25.9208	0.00077812
44.1	25.8916	25.9116	0.000772382
44.2	25.8827	25.9026	0.00076668
44.3	25.8739	25.8936	0.000761014
44.4	25.8651	25.8847	0.000755383
44.5	25.8565	25.8759	0.000749787
44.6	25.8479	25.8672	0.000744227
44.7	25.8394	25.8585	0.000738702
44.8	25.8311	25.85	0.000733211
44.9	25.8227	25.8415	0.000727756
45	25.8145	25.8332	0.000722335
45.1	25.8064	25.8249	0.000716949
45.2	25.7983	25.8167	0.000711598
45.3	25.7903	25.8086	0.000706281
45.4	25.7824	25.8005	0.000700998
45.5	25.7746	25.7925	0.000695749
45.6	25.7668	25.7847	0.000690533
45.7	25.7592	25.7768	0.000685352
45.8	25.7516	25.7691	0.000680204
45.9	25.7441	25.7615	0.00067509
46	25.7366	25.7539	0.000670009
46.1	25.7293	25.7464	0.000664962
46.2	25.722	25.739	0.000659947
46.3	25.7148	25.7316	0.000654966
46.4	25.7076	25.7243	0.000650017
46.5	25.7005	25.7171	0.0006451
46.6	25.6935	25.71	0.000640217
46.7	25.6866	25.7029	0.000635365
46.8	25.6797	25.6959	0.000630546
46.9	25.6729	25.689	0.000625759
47	25.6662	25.6821	0.000621004
47.1	25.6595	25.6754	0.00061628
47.2	25.6529	25.6686	0.000611588
47.3	25.6464	25.662	0.000606928
47.4	25.6399	25.6554	0.000602298
47.5	25.6335	25.6489	0.000597701
47.6	25.6272	25.6424	0.000593134
47.7	25.6209	25.636	0.000588597
47.8	25.6147	25.6297	0.000584092
47.9	25.6086	25.6234	0.000579617
48	25.6025	25.6172	0.000575173
48.1	25.5965	25.6111	0.000570759
48.2	25.5905	25.605	0.000566374
48.3	25.5846	25.599	0.00056202
48.4	25.5788	25.593	0.000557696
48.5	25.573	25.5871	0.000553401
48.6	25.5672	25.5813	0.000549136
48.7	25.5616	25.5755	0.0005449
48.8	25.556	25.5698	0.000540694
48.9	25.5504	25.5641	0.000536516
49	25.5449	25.5585	0.000532368
49.1	25.5394	25.5529	0.000528248
49.2	25.534	25.5474	0.000524157
49.3	25.5287	25.542	0.000520094
49.4	25.5234	25.5366	0.000516059
49.5	25.5182	25.5313	0.000512053
49.6	25.513	25.526	0.000508074
49.7	25.5079	25.5207	0.000504124
49.8	25.5028	25.5156	0.000500201
49.9	25.4978	25.5104	0.000496306
